40.252611331865644 6.067336911139746
45.15945063143329 5.121936859041353
51.31581336533715 4.2033212260652215
59.82150531806185 3.353570130870966
68.84941917340703 2.600614961129242
79.23977331082452 2.0167158914588645
88.896080846995 1.6086328487660975
99.72912414775878 1.2831255275414235
113.32073218260928 0.994955390340479
128.76016926220643 0.7289775883579946
144.44859740503318 0.5652159914676287
170.5382595210448 0.369810990985151
196.26116392500617 0.25603579451872027
217.37169092636145 0.1929544509674271
243.83967687982374 0.13356949132033355
277.0471846825302 0.08988391793225217
310.7814808154504 0.062220638787525165
348.6233903748972 0.04307119649641508
381.20795873568096 0.0315496760445914
422.1824471283877 0.021227616206201925
473.5723779634759 0.013884485822816076
524.4839191539274 0.009610546236664866
573.4954995590748 0.006842961427638153
627.0761037569174 0.00473617960386777
668.3779822599795 0.0035684505229704342
730.8232780810612 0.002469811172110786
809.3623273175368 0.0016153183449203118
907.8338590258967 0.0009704001495902933
992.6336955186024 0.0006528643851306087
1071.596468917996 0.0004648199904246524
1156.8001448070522 0.000312696284181314
1281.1174541411533 0.00020451119904636727
1400.736305775121 0.00013000657629189734
1531.5508562666505 0.00008502086046580783
1674.582157726765 0.00005560139279505727
1807.7614460795417 0.000038480042409628676
1951.5666161754018 0.000027396643700828646
2080.032228652201 0.00001950405807724123
2245.456905300368 0.000013498168737219411
2393.226528458593 0.000009340938750169357
2616.7295898513507 0.000006108726748673738
2861.105568144336 0.0000039949456353394376
3088.540801716539 0.00000261238299702227
3334.1136801950324 0.0000017574167911345973
3645.422255652221 0.0000011171796028710406
3935.2044543291154 7.30548364248874e-7
4302.562010992934 4.514246299843797e-7
4585.706152160174 3.1239273275454443e-7
5013.789070642984 1.930355068805382e-7
