0.1  0.477575466331
0.15  0.531832902177
0.2  0.586546314507
0.25  0.641348422742
0.3  0.687898336558
0.35  0.724283691309
0.4  0.75236999957
0.45  0.771753122876
0.5  0.783691322632
0.55  0.789928572997
0.6  0.79217542568
0.65  0.790607179072
0.7  0.786228727572
0.75  0.779037047751
0.8  0.766925886526
0.85  0.751577321169
0.9  0.732399136641
0.95  0.709347755076
1.0  0.683131597624
1.05  0.654595102173
1.1  0.62459211605
1.15  0.5933120901
1.2  0.560684701293
1.25  0.527262256795
1.3  0.493513632824
1.35  0.460641228066
1.4  0.428253926695
1.45  0.396786881615
1.5  0.366728779047
1.6  0.311273693077
1.7  0.26205346643
1.8  0.21908364842
1.9  0.181749907423
2.0  0.150025458416
2.1  0.123250396799
2.2  0.100894365073
2.3  0.0823012485888
2.4  0.0669538335445
2.5  0.0543415078126
2.6  0.0440124626012
2.7  0.0355929518127
2.8  0.0287481819462
2.9  0.0231970603457
3.0  0.0186943269473
3.5  0.00628234279366
4.0  0.00208291781522
5.0  0.000245966753472
6.0  4.08969795641e-05
7.0  1.53775957716e-05
8.0  1.03563555747e-05
