0.1  0.110696021914
0.15  0.0986352823932
0.2  0.103098247862
0.25  0.109941066131
0.3  0.117922675638
0.35  0.126340374409
0.4  0.133003846286
0.45  0.137940233259
0.5  0.141410622368
0.55  0.143561961928
0.6  0.143881076643
0.65  0.142448580877
0.7  0.139192150564
0.75  0.134621815536
0.8  0.129574785242
0.85  0.124023392454
0.9  0.118443214165
0.95  0.112712281361
1.0  0.106915474604
1.05  0.100765168461
1.1  0.0941060991068
1.15  0.0872781708149
1.2  0.0811799124622
1.25  0.0752729921108
1.3  0.0699662654365
1.35  0.0643653244703
1.4  0.0592777059419
1.45  0.0545050851432
1.5  0.0500002642014
1.6  0.041509988877
1.7  0.0343689010649
1.8  0.0284627142635
1.9  0.0239240486459
2.0  0.0201581666797
2.1  0.017162291673
2.2  0.0146602093745
2.3  0.0126001663042
2.4  0.0108784828093
2.5  0.00943250871514
2.6  0.0082146254377
2.7  0.00717103145459
2.8  0.00628111046784
2.9  0.00556275285068
3.0  0.00489124191892
3.5  0.00254353596132
4.0  0.0014148321912
5.0  0.000550430257742
6.0  0.000422081417741
7.0  0.000391725398649
8.0  0.000333322630556
