0.1  0.102749784651
0.15  0.0883558969419
0.2  0.095184555527
0.25  0.101889662126
0.3  0.110255393689
0.35  0.117700046841
0.4  0.122311992096
0.45  0.125027066545
0.5  0.125725557818
0.55  0.124054941432
0.6  0.121052677627
0.65  0.116607103205
0.7  0.110816515128
0.75  0.104605432074
0.8  0.0974641835635
0.85  0.0891743515149
0.9  0.0810193252757
0.95  0.0730977918311
1.0  0.0652397657432
1.05  0.0578521985027
1.1  0.0506847134635
1.15  0.0436373636838
1.2  0.0370418234757
1.25  0.0312827045784
1.3  0.0265368175311
1.35  0.0225022849338
1.4  0.0188824771757
1.45  0.0157581695203
1.5  0.0130625244054
1.6  0.00894989177973
1.7  0.00616029877162
1.8  0.00424940830676
1.9  0.00292638276662
2.0  0.00201479728527
2.1  0.00139071627068
2.2  0.000962876506757
2.3  0.000667647872838
2.4  0.000463671330135
2.5  0.000322655135946
2.6  0.000224701818932
2.7  0.000156788934122
2.8  0.000109742748068
2.9  7.69393141486e-05
3.0  5.41296842568e-05
3.5  9.86465622027e-06
4.0  2.38542801919e-06
5.0  4.52552786176e-07
6.0  3.59349187965e-07
7.0  3.40168871931e-07
8.0  3.60813689046e-07
