0.1  0.603019336401
0.15  0.657990646618
0.2  0.700223087291
0.25  0.739336735439
0.3  0.770458857672
0.35  0.792215719209
0.4  0.806145639376
0.45  0.813902196585
0.5  0.817416770319
0.55  0.817377146419
0.6  0.814741717764
0.65  0.809620671596
0.7  0.801321439312
0.75  0.789021737778
0.8  0.771530445436
0.85  0.749690469778
0.9  0.72211084177
0.95  0.689313642495
1.0  0.651706415895
1.05  0.610404274569
1.1  0.566793269676
1.15  0.521986949547
1.2  0.476859229824
1.25  0.432151203411
1.3  0.38862787058
1.35  0.347114109628
1.4  0.308312066901
1.45  0.272415240138
1.5  0.239548635711
1.6  0.182949557608
1.7  0.137890648681
1.8  0.102868908104
1.9  0.0761468826307
2.0  0.0560241743714
2.1  0.0410179643249
2.2  0.0299117418449
2.3  0.0217393112488
2.4  0.0157536605514
2.5  0.011386748728
2.6  0.00821139490074
2.7  0.00590889500488
2.8  0.00424356537712
2.9  0.00304222529165
3.0  0.00217690620731
3.5  0.000399253194511
4.0  7.09517134262e-05
5.0  2.09539974651e-06
6.0  6.6692268878e-08
7.0  7.61818721896e-09
8.0  4.09460709731e-09
