0.1  0.122430158188
0.15  0.104509256985
0.2  0.116909617624
0.25  0.126168364765
0.3  0.139836642823
0.35  0.150822222832
0.4  0.160153056741
0.45  0.169616412622
0.5  0.177707390355
0.55  0.183305227141
0.6  0.184595419408
0.65  0.18479434455
0.7  0.181836855059
0.75  0.177015549096
0.8  0.171545516823
0.85  0.165835469193
0.9  0.15624420795
0.95  0.148143018542
1.0  0.138493319109
1.05  0.12794234685
1.1  0.117937630812
1.15  0.109580962169
1.2  0.102028273203
1.25  0.0946532120068
1.3  0.0878792431378
1.35  0.0813540145784
1.4  0.0755608489608
1.45  0.069960296677
1.5  0.06486663815
1.6  0.0558034738541
1.7  0.0484437385446
1.8  0.0422136795311
1.9  0.036997319673
2.0  0.0326311694838
2.1  0.0288197064527
2.2  0.0254605570934
2.3  0.022489617848
2.4  0.0198429855295
2.5  0.0174978766145
2.6  0.0154118386636
2.7  0.0135637265772
2.8  0.0119348462128
2.9  0.010533192447
3.0  0.00923159238216
3.5  0.00467851414486
4.0  0.00240791644041
5.0  0.000791200917297
6.0  0.000479583913619
7.0  0.000410723036293
8.0  0.000351709572161
