0.1  0.593865337599
0.15  0.642239795258
0.2  0.673377603478
0.25  0.706253201688
0.3  0.72702478207
0.35  0.743481343115
0.4  0.751810765807
0.45  0.7520658555
0.5  0.748654554396
0.55  0.744300235365
0.6  0.742204330135
0.65  0.738027052743
0.7  0.734700820061
0.75  0.729896468226
0.8  0.722293508204
0.85  0.710504910928
0.9  0.698232568205
0.95  0.678845075751
1.0  0.65625774333
1.05  0.630069591068
1.1  0.600086253242
1.15  0.566243019676
1.2  0.530567354853
1.25  0.493904338112
1.3  0.457199420872
1.35  0.421266928616
1.4  0.386355837876
1.45  0.35318605218
1.5  0.322326398738
1.6  0.267174879341
1.7  0.220966838711
1.8  0.183138728681
1.9  0.152428243073
2.0  0.127494261826
2.1  0.107249648109
2.2  0.0906790518053
2.3  0.0770004546204
2.4  0.0656398651942
2.5  0.056122282665
2.6  0.0480932732151
2.7  0.0412732612241
2.8  0.0354492250681
2.9  0.0304646050099
3.0  0.0261874802488
3.5  0.0122171551993
4.0  0.00553576736272
5.0  0.001028136087
6.0  0.000179999921764
7.0  3.59982115161e-05
8.0  1.0979122344e-05
