1 0.5073529411764701
1.0204081632653061 0.6105942376950777
1.0408163265306123 0.7285414165666264
1.0612244897959184 0.8611944777911162
1.0918367346938775 0.9792917166866744
1.1224489795918369 1.1268007202881147
1.1530612244897958 1.2890156062424971
1.183673469387755 1.4218187274909955
1.2142857142857142 1.5693277310924367
1.2448979591836735 1.702130852340936
1.2653061224489797 1.8200780312124847
1.295918367346939 1.9381752701080428
1.3265306122448979 2.070978391356541
1.357142857142857 2.2184873949579824
1.3979591836734695 2.3955582232893144
1.4489795918367347 2.587484993997598
1.489795918367347 2.7498499399759897
1.530612244897959 2.89750900360144
1.5612244897959184 3.0009003601440565
1.5918367346938775 3.1042917166866735
1.642857142857143 3.252100840336133
1.683673469387755 3.370348139255701
1.7244897959183674 3.459183673469387
1.7755102040816328 3.5775810324129638
1.826530612244898 3.6812725090036
1.8775510204081634 3.7702581032412956
1.9387755102040816 3.8593937575029997
2.0102040816326534 3.933973589435773
2.0816326530612246 3.9791416566626636
2.163265306122449 3.995048019207682
2.2551020408163263 3.966986794717886
2.3367346938775517 3.924069627851139
2.3979591836734695 3.866146458583432
2.459183673469388 3.808223289315725
2.520408163265306 3.7503001200480184
2.571428571428571 3.6775210084033603
2.63265306122449 3.619597839135653
2.6938775510204085 3.517557022809123
2.7653061224489797 3.430372148859543
2.836734693877551 3.343187274909963
2.8979591836734695 3.2558523409363738
2.9897959183673475 3.154261704681872
3.0816326530612246 3.0673769507803117
3.1734693877551026 2.9657863145258103
3.2346938775510212 2.9078631452581027
3.316326530612245 2.8355342136854738
3.3979591836734695 2.748499399759904
3.4897959183673475 2.676320528211284
3.5816326530612246 2.589435774309724
3.6530612244897958 2.516956782713085
3.7448979591836737 2.430072028811524
3.8265306122448983 2.3577430972388953
3.9489795918367347 2.256602641056423
4.040816326530613 2.184423769507803
4.122448979591837 2.1120948379351736
4.224489795918368 2.054771908763506
4.316326530612246 1.9825930372148868
4.418367346938776 1.9252701080432182
4.510204081632653 1.8677971188475402
4.612244897959185 1.8104741896758707
4.704081632653062 1.7530012004801927
4.795918367346939 1.7102340936374558
4.908163265306124 1.6530612244897966
5.030612244897959 1.5960384153661478
5.173469387755103 1.5246098439375766
5.29591836734694 1.482292917166868
5.39795918367347 1.4396758703481405
5.540816326530614 1.3829531812725104
5.663265306122449 1.340636254501801
5.7857142857142865 1.2983193277310932
5.887755102040818 1.2704081632653068
6.000000000000001 1.2426470588235308
6.102040816326531 1.2000300120048033
6.214285714285715 1.1722689075630264
6.2857142857142865 1.158613445378153
6.346938775510205 1.130102040816328
