61.82140483048954 0.04577886106802573
102.70330157323292 0.04701972080655886
143.58519831597607 0.04826058054509197
188.56636383780187 0.04949036117881678
249.94460447595816 0.050675825393308255
311.3782406381564 0.051185464214491494
372.7010857522712 0.05304675382229118
458.78573011300693 0.05281409262131623
516.1754930201638 0.05265898515399958
610.458674939065 0.05240416574340798
680.14624418347 0.052215820961666326
745.789940172834 0.05136272989142482
819.6321737203633 0.05048748061156666
881.2319964546863 0.04896964325282524
930.5340128517615 0.0474850432085088
987.9791712829602 0.04665411034788397
1041.3250609350762 0.04583425659206741
1086.472413029027 0.04503656104586756
1123.4766230888545 0.043585198315976126
1160.3700421005983 0.04348548637270114
1209.6166629736317 0.04267671172169296
1258.9186793707067 0.04119211167737655
1304.0106359406159 0.04107024152448491
1357.4119211167736 0.03957456237536014
1427.1548858852202 0.038710392200310306
1484.6000443164194 0.03787945933968545
1554.3430090848656 0.03701528916463559
1619.9867050742296 0.036162198094394055
1685.6857965876357 0.03463328163084431
1751.274097052958 0.03445601595391101
1825.1163306004878 0.03358076667405285
1886.6607578107692 0.032738754708619644
1940.0066474628848 0.031918900952803114
1993.3525371150013 0.031099047196986584
2030.2459561267447 0.030999335253711624
2087.691114557944 0.03016840239308674
