# TPI: number of electrons in each.
E     210           111           012           021           120           201           102           003           300           030
10    0.516923E+02  0.253057E+00  0.479254E-02  0.534465E-01  0.405927E+01  0.100236E-01  0.941916E-03  0.163274E-04  0.627505E-02  0.221376E+00
12    0.519300E+02  0.229926E+00  0.616679E-02  0.649100E-01  0.376002E+01  0.119148E-01  0.128168E-02  0.102611E-04  0.693978E-02  0.290396E+00
15    0.521746E+02  0.240708E+00  0.892046E-02  0.911842E-01  0.337949E+01  0.156591E-01  0.214522E-02  0.164069E-04  0.619909E-02  0.382620E+00
17    0.523037E+02  0.262468E+00  0.120052E-01  0.116527E+00  0.316143E+01  0.165259E-01  0.305141E-02  0.267494E-04  0.511346E-02  0.420670E+00
20    0.524950E+02  0.275344E+00  0.148233E-01  0.143182E+00  0.290490E+01  0.162743E-01  0.419109E-02  0.519174E-04  0.386970E-02  0.443874E+00
25    0.527272E+02  0.346143E+00  0.211678E-01  0.187391E+00  0.256759E+01  0.180057E-01  0.706843E-02  0.149156E-03  0.414605E-02  0.422708E+00
30    0.529268E+02  0.405829E+00  0.286706E-01  0.215467E+00  0.230780E+01  0.240022E-01  0.108261E-01  0.328585E-03  0.580989E-02  0.375986E+00
40    0.532224E+02  0.622176E+00  0.464186E-01  0.239087E+00  0.182499E+01  0.433954E-01  0.200473E-01  0.127312E-02  0.111526E-01  0.270610E+00
50    0.534655E+02  0.789712E+00  0.646983E-01  0.235626E+00  0.144641E+01  0.635549E-01  0.291573E-01  0.288513E-02  0.160362E-01  0.187913E+00
60    0.536634E+02  0.920781E+00  0.842096E-01  0.217897E+00  0.114177E+01  0.817033E-01  0.399370E-01  0.544792E-02  0.179627E-01  0.128434E+00
70    0.538089E+02  0.101770E+01  0.960317E-01  0.197004E+00  0.918893E+00  0.954483E-01  0.478198E-01  0.760563E-02  0.189446E-01  0.932304E-01
80    0.539396E+02  0.109100E+01  0.107731E+00  0.174751E+00  0.730390E+00  0.106977E+00  0.558290E-01  0.983669E-02  0.191040E-01  0.662888E-01
90    0.540477E+02  0.114654E+01  0.117931E+00  0.151381E+00  0.581504E+00  0.114747E+00  0.642734E-01  0.123528E-01  0.181385E-01  0.469387E-01
100   0.541616E+02  0.115750E+01  0.122091E+00  0.130163E+00  0.473550E+00  0.121500E+00  0.703098E-01  0.140775E-01  0.166096E-01  0.341460E-01
125   0.543968E+02  0.116284E+01  0.123699E+00  0.851354E-01  0.277377E+00  0.132116E+00  0.797473E-01  0.161216E-01  0.126544E-01  0.150928E-01
150   0.545697E+02  0.113528E+01  0.120430E+00  0.542061E-01  0.166364E+00  0.138489E+00  0.843705E-01  0.165604E-01  0.959929E-02  0.657330E-02
175   0.547030E+02  0.108143E+01  0.109261E+00  0.389134E-01  0.116897E+00  0.142786E+00  0.831028E-01  0.152373E-01  0.735179E-02  0.357483E-02
200   0.548284E+02  0.102190E+01  0.969921E-01  0.283989E-01  0.850566E-01  0.142008E+00  0.776942E-01  0.132774E-01  0.565748E-02  0.216440E-02
250   0.550410E+02  0.909942E+00  0.735596E-01  0.148597E-01  0.481416E-01  0.136171E+00  0.643387E-01  0.943678E-02  0.327411E-02  0.835143E-03
300   0.551956E+02  0.817488E+00  0.555072E-01  0.881243E-02  0.347305E-01  0.128125E+00  0.523369E-01  0.666794E-02  0.195826E-02  0.356934E-03
400   0.554341E+02  0.670355E+00  0.331722E-01  0.268129E-02  0.153128E-01  0.107580E+00  0.340730E-01  0.345491E-02  0.743906E-03  0.534596E-04
500   0.555895E+02  0.566040E+00  0.195959E-01  0.131432E-02  0.902556E-02  0.923631E-01  0.217840E-01  0.155384E-02  0.319054E-03  0.221856E-04
600   0.556935E+02  0.490547E+00  0.132149E-01  0.585046E-03  0.478865E-02  0.821490E-01  0.156825E-01  0.868150E-03  0.154946E-03  0.717331E-05
700   0.557670E+02  0.435719E+00  0.100487E-01  0.185591E-03  0.186708E-02  0.736951E-01  0.123696E-01  0.601110E-03  0.797446E-04  0.778254E-06
900   0.559065E+02  0.317352E+00  0.384836E-02  0.552547E-03  0.895242E-02  0.580668E-01  0.601936E-02  0.174968E-03  0.166849E-04  0.253763E-05
1000  0.559145E+02  0.340549E+00  0.586378E-02  0.141536E-03  0.228543E-02  0.335391E-01  0.446021E-02  0.163433E-03  0.657656E-04  0.510606E-06
