# TPI: number of electrons in each.
E     210           111           012           021           120           201           102           003           300           030
10    0.516956E+02  0.253437E+00  0.481357E-02  0.530932E-01  0.405850E+01  0.101415E-01  0.954127E-03  0.156913E-04  0.646439E-02  0.218514E+00
12    0.519338E+02  0.230672E+00  0.620814E-02  0.642649E-01  0.376029E+01  0.121398E-01  0.130656E-02  0.996447E-05  0.705381E-02  0.285772E+00
15    0.521796E+02  0.241116E+00  0.888238E-02  0.898617E-01  0.338169E+01  0.158679E-01  0.216581E-02  0.153465E-04  0.619895E-02  0.376177E+00
17    0.523094E+02  0.262354E+00  0.118743E-01  0.114598E+00  0.316483E+01  0.166009E-01  0.303672E-02  0.240178E-04  0.506253E-02  0.413770E+00
20    0.525017E+02  0.274892E+00  0.146235E-01  0.140790E+00  0.290900E+01  0.161229E-01  0.409876E-02  0.453517E-04  0.387062E-02  0.436393E+00
25    0.527353E+02  0.344601E+00  0.207425E-01  0.183844E+00  0.257305E+01  0.175645E-01  0.679423E-02  0.126195E-03  0.415882E-02  0.415383E+00
30    0.529364E+02  0.403394E+00  0.279795E-01  0.210996E+00  0.231370E+01  0.234575E-01  0.104396E-01  0.283610E-03  0.585032E-02  0.369078E+00
40    0.532353E+02  0.618078E+00  0.452481E-01  0.233788E+00  0.182917E+01  0.429504E-01  0.197147E-01  0.119241E-02  0.111680E-01  0.264880E+00
50    0.534819E+02  0.783644E+00  0.630026E-01  0.229821E+00  0.144874E+01  0.632005E-01  0.289013E-01  0.278777E-02  0.159270E-01  0.183600E+00
60    0.536825E+02  0.913049E+00  0.820804E-01  0.212266E+00  0.114204E+01  0.814559E-01  0.397739E-01  0.533808E-02  0.177755E-01  0.125228E+00
70    0.538308E+02  0.100774E+01  0.935766E-01  0.191707E+00  0.917999E+00  0.953475E-01  0.476033E-01  0.746003E-02  0.187220E-01  0.905671E-01
80    0.539641E+02  0.107880E+01  0.104948E+00  0.169945E+00  0.728688E+00  0.106914E+00  0.554784E-01  0.964581E-02  0.188479E-01  0.641256E-01
90    0.540747E+02  0.113238E+01  0.114766E+00  0.146911E+00  0.579154E+00  0.114701E+00  0.638096E-01  0.121109E-01  0.178557E-01  0.451279E-01
100   0.541905E+02  0.114175E+01  0.118568E+00  0.126001E+00  0.470953E+00  0.121362E+00  0.696072E-01  0.137559E-01  0.163410E-01  0.326719E-01
125   0.544305E+02  0.114286E+01  0.119391E+00  0.818676E-01  0.275155E+00  0.131204E+00  0.781889E-01  0.155911E-01  0.124503E-01  0.142927E-01
150   0.546068E+02  0.111307E+01  0.115681E+00  0.517988E-01  0.164466E+00  0.136400E+00  0.818572E-01  0.158201E-01  0.943088E-02  0.616435E-02
175   0.547426E+02  0.105731E+01  0.104643E+00  0.370612E-01  0.115616E+00  0.139553E+00  0.798412E-01  0.144284E-01  0.719354E-02  0.332111E-02
200   0.548697E+02  0.996243E+00  0.925407E-01  0.269834E-01  0.841161E-01  0.137898E+00  0.740377E-01  0.124643E-01  0.551338E-02  0.200884E-02
250   0.550849E+02  0.881770E+00  0.695846E-01  0.140116E-01  0.473229E-01  0.130907E+00  0.603696E-01  0.871266E-02  0.314491E-02  0.770290E-03
300   0.552411E+02  0.787404E+00  0.519141E-01  0.820560E-02  0.339659E-01  0.122246E+00  0.484826E-01  0.605755E-02  0.186072E-02  0.324348E-03
400   0.554803E+02  0.637966E+00  0.302483E-01  0.242996E-02  0.147994E-01  0.101222E+00  0.308029E-01  0.304251E-02  0.685807E-03  0.478783E-04
500   0.556353E+02  0.532884E+00  0.173585E-01  0.116702E-02  0.868662E-02  0.855826E-01  0.189685E-01  0.129379E-02  0.284509E-03  0.197437E-04
600   0.557423E+02  0.456004E+00  0.110571E-01  0.613830E-03  0.515353E-02  0.729078E-01  0.126904E-01  0.666453E-03  0.164913E-03  0.892056E-05
700   0.558100E+02  0.404520E+00  0.863796E-02  0.145501E-03  0.160577E-02  0.660266E-01  0.101071E-01  0.467760E-03  0.643924E-04  0.528487E-06
900   0.559091E+02  0.322427E+00  0.479468E-02  -0.352430E-04  -0.715588E-03  0.590468E-01  0.672678E-02  0.209498E-03  0.111532E-04  -0.299557E-06
1000  0.559614E+02  0.306841E+00  0.455498E-02  -0.138333E-03  -0.245041E-02  0.278832E-01  0.330570E-02  0.106046E-03  0.318419E-04  -0.458905E-06
