# TPI: number of electrons in each.
E     210           111           012           021           120           201           102           003           300           030
10    0.518441E+02  0.255499E+00  0.251832E-02  0.601467E-01  0.399341E+01  0.265181E-01  0.151727E-02  0.243124E-04  0.588910E-01  0.588972E-01
12    0.521066E+02  0.234630E+00  0.289050E-02  0.588756E-01  0.374091E+01  0.294714E-01  0.202129E-02  0.254494E-04  0.585422E-01  0.675556E-01
15    0.524021E+02  0.261461E+00  0.413748E-02  0.606517E-01  0.339851E+01  0.386414E-01  0.390556E-02  0.484546E-04  0.507658E-01  0.813449E-01
17    0.525534E+02  0.292405E+00  0.531250E-02  0.652649E-01  0.320232E+01  0.434508E-01  0.584538E-02  0.784718E-04  0.422392E-01  0.912187E-01
20    0.527580E+02  0.320385E+00  0.678244E-02  0.722731E-01  0.294794E+01  0.475819E-01  0.862085E-02  0.135520E-03  0.335772E-01  0.106231E+00
25    0.529722E+02  0.404633E+00  0.108204E-01  0.958659E-01  0.261060E+01  0.508778E-01  0.145198E-01  0.307770E-03  0.215716E-01  0.120149E+00
30    0.531446E+02  0.456465E+00  0.158538E-01  0.118417E+00  0.234839E+01  0.525108E-01  0.197581E-01  0.569690E-03  0.181378E-01  0.126843E+00
40    0.533944E+02  0.610678E+00  0.274835E-01  0.150770E+00  0.188812E+01  0.573511E-01  0.243501E-01  0.117955E-02  0.226340E-01  0.124594E+00
50    0.536089E+02  0.726599E+00  0.396407E-01  0.167088E+00  0.152481E+01  0.685459E-01  0.267843E-01  0.186692E-02  0.292007E-01  0.108118E+00
60    0.537918E+02  0.831885E+00  0.534965E-01  0.167385E+00  0.121921E+01  0.825005E-01  0.326140E-01  0.309503E-02  0.327784E-01  0.867601E-01
70    0.539190E+02  0.918646E+00  0.641509E-01  0.160593E+00  0.997400E+00  0.943827E-01  0.372746E-01  0.428289E-02  0.351689E-01  0.706337E-01
80    0.540418E+02  0.989599E+00  0.744030E-01  0.147640E+00  0.801738E+00  0.106467E+00  0.436064E-01  0.563996E-02  0.361072E-01  0.544871E-01
90    0.541420E+02  0.104639E+01  0.833330E-01  0.132849E+00  0.647970E+00  0.114956E+00  0.500454E-01  0.719012E-02  0.353039E-01  0.415476E-01
100   0.542468E+02  0.106469E+01  0.888219E-01  0.118208E+00  0.531895E+00  0.121641E+00  0.551210E-01  0.840087E-02  0.332001E-01  0.327975E-01
125   0.544594E+02  0.108615E+01  0.968042E-01  0.857969E-01  0.322135E+00  0.132119E+00  0.653480E-01  0.107985E-01  0.262222E-01  0.167521E-01
150   0.546168E+02  0.107403E+01  0.989934E-01  0.599169E-01  0.197952E+00  0.139498E+00  0.728544E-01  0.123209E-01  0.203727E-01  0.876118E-02
175   0.547414E+02  0.103424E+01  0.938271E-01  0.425803E-01  0.136176E+00  0.144712E+00  0.756214E-01  0.124790E-01  0.156479E-01  0.485475E-02
200   0.548588E+02  0.984686E+00  0.853873E-01  0.310931E-01  0.981769E-01  0.144373E+00  0.727199E-01  0.114023E-01  0.119434E-01  0.296715E-02
250   0.550557E+02  0.888629E+00  0.689079E-01  0.164354E-01  0.538714E-01  0.138381E+00  0.631155E-01  0.889009E-02  0.652647E-02  0.107408E-02
300   0.552021E+02  0.803311E+00  0.539159E-01  0.985339E-02  0.381620E-01  0.130420E+00  0.529128E-01  0.672699E-02  0.366363E-02  0.471235E-03
400   0.554313E+02  0.667174E+00  0.339432E-01  0.303918E-02  0.162561E-01  0.109375E+00  0.354058E-01  0.372655E-02  0.120073E-02  0.674969E-04
500   0.555841E+02  0.567220E+00  0.206377E-01  0.143910E-02  0.939963E-02  0.936549E-01  0.229010E-01  0.173895E-02  0.462758E-03  0.259165E-04
600   0.556919E+02  0.491423E+00  0.135128E-01  0.739900E-03  0.526082E-02  0.815713E-01  0.159671E-01  0.932663E-03  0.243902E-03  0.104485E-04
700   0.557634E+02  0.436922E+00  0.104350E-01  0.215022E-03  0.204545E-02  0.748924E-01  0.128974E-01  0.655560E-03  0.999431E-04  0.106935E-05
900   0.559040E+02  0.318486E+00  0.399713E-02  0.536221E-03  0.871762E-02  0.593355E-01  0.627941E-02  0.189161E-03  0.145706E-04  0.246615E-05
1000  0.559151E+02  0.338414E+00  0.576544E-02  0.142648E-03  0.233211E-02  0.349379E-01  0.457369E-02  0.165867E-03  0.709704E-04  0.521936E-06
