# TPI: number of electrons in each.
E     210           111           012           021           120           201           102           003           300           030
10    0.518479E+02  0.253564E+00  0.255444E-02  0.606267E-01  0.398359E+01  0.273969E-01  0.154439E-02  0.280264E-04  0.653898E-01  0.589085E-01
12    0.521125E+02  0.232626E+00  0.290579E-02  0.587922E-01  0.372849E+01  0.311259E-01  0.207114E-02  0.273005E-04  0.667880E-01  0.662081E-01
15    0.524072E+02  0.258486E+00  0.409423E-02  0.600338E-01  0.338756E+01  0.414935E-01  0.406318E-02  0.508402E-04  0.591401E-01  0.794275E-01
17    0.525574E+02  0.287875E+00  0.524399E-02  0.647163E-01  0.319441E+01  0.463612E-01  0.599411E-02  0.809494E-04  0.495612E-01  0.898591E-01
20    0.527611E+02  0.312890E+00  0.668548E-02  0.722253E-01  0.294486E+01  0.497446E-01  0.863412E-02  0.138031E-03  0.386313E-01  0.106634E+00
25    0.529736E+02  0.393384E+00  0.109570E-01  0.982872E-01  0.261229E+01  0.510422E-01  0.140655E-01  0.307059E-03  0.234091E-01  0.124166E+00
30    0.531452E+02  0.443284E+00  0.164554E-01  0.123349E+00  0.235089E+01  0.507527E-01  0.187448E-01  0.568914E-03  0.184089E-01  0.133850E+00
40    0.533983E+02  0.597902E+00  0.290442E-01  0.159086E+00  0.188388E+01  0.535043E-01  0.226332E-01  0.118669E-02  0.221170E-01  0.133883E+00
50    0.536177E+02  0.715207E+00  0.415977E-01  0.175413E+00  0.151641E+01  0.635910E-01  0.247542E-01  0.188058E-02  0.281774E-01  0.116752E+00
60    0.537972E+02  0.823281E+00  0.558004E-01  0.174629E+00  0.121509E+01  0.770469E-01  0.303543E-01  0.312216E-02  0.315917E-01  0.934456E-01
70    0.539363E+02  0.909965E+00  0.660096E-01  0.165456E+00  0.988164E+00  0.881149E-01  0.348637E-01  0.428940E-02  0.335917E-01  0.747607E-01
80    0.540626E+02  0.981427E+00  0.759245E-01  0.150813E+00  0.793129E+00  0.998725E-01  0.409447E-01  0.558036E-02  0.343716E-01  0.568835E-01
90    0.541659E+02  0.103803E+01  0.843279E-01  0.134273E+00  0.640111E+00  0.108359E+00  0.472519E-01  0.705898E-02  0.334912E-01  0.427741E-01
100   0.542735E+02  0.105568E+01  0.892908E-01  0.118165E+00  0.524707E+00  0.115218E+00  0.522889E-01  0.821726E-02  0.313764E-01  0.330718E-01
125   0.544929E+02  0.107366E+01  0.955636E-01  0.836001E-01  0.317040E+00  0.125619E+00  0.620141E-01  0.103546E-01  0.244930E-01  0.163251E-01
150   0.546554E+02  0.105833E+01  0.962984E-01  0.569664E-01  0.194103E+00  0.132863E+00  0.689520E-01  0.116137E-01  0.187640E-01  0.823803E-02
175   0.547834E+02  0.101508E+01  0.900553E-01  0.399778E-01  0.133945E+00  0.137791E+00  0.710476E-01  0.115721E-01  0.141958E-01  0.449643E-02
200   0.549032E+02  0.962673E+00  0.811318E-01  0.289096E-01  0.966498E-01  0.137234E+00  0.678567E-01  0.104567E-01  0.106922E-01  0.271299E-02
250   0.551034E+02  0.862138E+00  0.643890E-01  0.150557E-01  0.528406E-01  0.131001E+00  0.579676E-01  0.797171E-02  0.576299E-02  0.960789E-03
300   0.552513E+02  0.774052E+00  0.495911E-01  0.889222E-02  0.371219E-01  0.123004E+00  0.479973E-01  0.590492E-02  0.321177E-02  0.413565E-03
400   0.554808E+02  0.634619E+00  0.302517E-01  0.269317E-02  0.157268E-01  0.101907E+00  0.312769E-01  0.313269E-02  0.104604E-02  0.593444E-04
500   0.556325E+02  0.533546E+00  0.178772E-01  0.124937E-02  0.902781E-02  0.859984E-01  0.195200E-01  0.138360E-02  0.395259E-03  0.224649E-04
600   0.557330E+02  0.456736E+00  0.115252E-01  0.121607E-02  0.117621E-01  0.728740E-01  0.134823E-01  0.764408E-03  0.171232E-03  0.246775E-04
700   0.558070E+02  0.405386E+00  0.880744E-02  0.167930E-03  0.187524E-02  0.671721E-01  0.105379E-01  0.499542E-03  0.777356E-04  0.721772E-06
900   0.559114E+02  0.320455E+00  0.469130E-02  -0.401125E-04  -0.785647E-03  0.589655E-01  0.664304E-02  0.205927E-03  0.452744E-05  -0.328764E-06
1000  0.559394E+02  0.282739E+00  0.340531E-02  0.366541E-04  0.137825E-03  0.690287E-01  0.658037E-02  0.165909E-03  0.296793E-04  -0.111683E-06
