0.6692307692307691  1.4587710577772113
0.7307692307692306  1.5477849196439901
0.8307692307692305  1.6180920176455298
0.9461538461538459  1.6180920176455298
1.038461538461538  1.57087446109501
1.123076923076923  1.480532708494058
1.2307692307692306  1.3347561459367923
1.2999999999999998  1.239503017653988
1.3692307692307688  1.134128801020902
1.446153846153846  1.0377127921314746
1.5153846153846149  0.9494934243658755
1.5923076923076924  0.8687738743802776
1.669230769230769  0.7832324551869556
1.7461538461538462  0.7061136354909159
1.8230769230769228  0.6460845995514758
1.9  0.5739082181561482
1.9769230769230766  0.5251183983282336
2.0615384615384613  0.4804763610960942
2.1307692307692307  0.4396294898581004
2.2076923076923074  0.40225514510637794
2.2769230769230764  0.37354873228642127
2.3538461538461535  0.34179212945582443
2.4461538461538455  0.3127352595815342
2.515384615384615  0.29041731642003765
2.5769230769230766  0.27779850456989397
2.646153846153846  0.2579737772793554
2.707692307692307  0.2431375801536735
2.769230769230769  0.2325731020589139
2.8307692307692305  0.21919771009207503
2.8769230769230765  0.20967343414417133
2.9461538461538455  0.19761501319228883
3.0307692307692307  0.18625007788128584
3.115384615384615  0.17553874551540727
3.1846153846153844  0.1630116523110929
3.2461538461538457  0.15825480793669644
3.33076923076923  0.1491534971314001
3.3846153846153837  0.1426726855176398
3.4615384615384612  0.1344675101346476
3.515384615384615  0.13054361260919722
3.584615384615384  0.12487141197715583
3.692307692307691  0.11596012682583938
3.7769230769230764  0.10929120365678335
3.8461538461538454  0.10454243332579517
3.923076923076923  0.09853014725091881
4.0  0.09708189917287739
