0.7   8.17165463178
0.813793103448   8.54795108722
0.927586206897   8.72924599827
1.04137931034   8.85476158244
1.15517241379   8.89022411157
1.26896551724   8.808789489
1.38275862069   8.65354528979
1.49655172414   8.42682265874
1.61034482759   8.2081709207
1.72413793103   7.98704731345
1.83793103448   7.74026332389
1.95172413793   7.52074093831
2.06551724138   7.26659738257
2.17931034483   7.1337626803
2.29310344828   6.84294840661
2.40689655172   6.63560545018
2.52068965517   6.46830916354
2.63448275862   6.17924372097
2.74827586207   5.9974852902
2.86206896552   5.84199217756
2.97586206897   5.66886403808
3.08965517241   5.50500648475
3.20344827586   5.29304430344
3.31724137931   5.10787536677
3.43103448276   5.02749128534
3.54482758621   4.8620140789
3.65862068966   4.6822622352
3.7724137931   4.54878296565
3.88620689655   4.4222886593
4.0   4.29972336073
