0.6692307692307691  3.058655373142728
0.7538461538461536  2.757493322628091
0.8307692307692305  2.4859843613325237
0.9076923076923074  2.241208779755003
0.9923076923076923  2.0205343495236225
1.0692307692307692  1.8215880173604946
1.1615384615384614  1.594308447641503
1.2384615384615383  1.4373292712816716
1.3153846153846152  1.2767601666369954
1.3923076923076918  1.1510475044076691
1.469230769230769  1.0377127921314746
1.5538461538461537  0.9217862488959796
1.6307692307692303  0.8310251127146022
1.7153846153846155  0.7492005210421079
1.7923076923076922  0.6754325617143324
1.8692307692307693  0.6089279606872361
1.9307692307692306  0.5571609976952085
2.0384615384615383  0.4876440099825525
2.138461538461538  0.4396294898581004
2.2307692307692304  0.3963425867977109
2.307692307692307  0.357317809049171
2.423076923076923  0.3174005807431877
2.4846153846153842  0.29914671931054904
2.5769230769230766  0.27779850456989397
2.646153846153846  0.2579737772793554
2.715384615384615  0.2431375801536735
2.807692307692307  0.22246765706526567
2.884615384615384  0.20967343414417133
2.9846153846153842  0.1918484078578061
3.0615384615384613  0.18081511281811546
3.1538461538461533  0.1679114785556595
3.2230769230769223  0.16061562105827557
3.33076923076923  0.1491534971314001
3.399999999999999  0.1405756071273709
3.4999999999999996  0.13249103574031226
3.5692307692307685  0.12487141197715583
3.646153846153845  0.11768999647441225
3.7461538461538457  0.11092158766236314
3.853846153846153  0.10454243332579517
4.0  0.09708189917287739
