0.6692307692307691 16.54434270720861
0.7999999999999998 16.54434270720861
0.892307692307692 16.54434270720861
0.9846153846153847 16.54434270720861
1.0692307692307692 16.301165231109273
1.2 16.06156210582754
1.446153846153846 15.137853874465737
1.569230769230769 14.696116035346327
1.646153846153846 14.480104769792622
1.7461538461538462 14.057560712737068
1.946153846153846 13.249103574031226
2.115384615384615 12.862481373051077
2.215384615384615 12.487141197715577
2.3999999999999995 11.768999647441213
2.546153846153846 11.425568371385163
2.6538461538461533 11.09215876623631
2.7461538461538457 10.768478389533003
2.8307692307692305 10.454243332579512
2.93076923076923 10.30058134955995
3.038461538461538 9.999999999999998
3.1230769230769226 9.70818991728773
3.2230769230769223 9.565493820902448
3.338461538461538 9.286363066596325
3.4538461538461536 9.015377629140364
3.561538461538461 8.752299819976184
3.6538461538461537 8.496898886537203
3.738461538461538 8.372006984666783
3.853846153846153 8.127703379600451
4.0 7.774549645569607
