0.7   9.92060718882
0.813793103448   9.60119137451
0.927586206897   9.45895808223
1.04137931034   9.10120067175
1.15517241379   8.68790095125
1.26896551724   8.34153601593
1.38275862069   7.87222472521
1.49655172414   7.48346107641
1.61034482759   7.22676583453
1.72413793103   6.89896417445
1.83793103448   6.53241602549
1.95172413793   6.25201071108
2.06551724138   6.2000748752
2.17931034483   5.91728601504
2.29310344828   5.68053025423
2.40689655172   5.43874198769
2.52068965517   5.30867785282
2.63448275862   5.23852623869
2.74827586207   4.99883481963
2.86206896552   4.76127810453
2.97586206897   4.72662646336
3.08965517241   4.48330055636
3.20344827586   4.46030438526
3.31724137931   4.38626158725
3.43103448276   4.17602333621
3.54482758621   4.06469839982
3.65862068966   3.92371387279
3.7724137931   3.87724971549
3.88620689655   3.71271251419
4.0   3.57190818401
