0.6692307692307691 8.008238108038226
0.8538461538461537 8.623653900464433
0.9461538461538459 8.752299819976184
1.0846153846153845 8.882864853218386
1.1769230769230767 8.882864853218386
1.3153846153846152 8.752299819976184
1.4 8.623653900464433
1.5230769230769226 8.372006984666783
1.6538461538461537 8.127703379600451
1.7692307692307687 7.890528800054255
1.8769230769230765 7.660275213875517
1.9923076923076923 7.4367406594995416
2.092307692307692 7.219729068803716
2.192307692307692 7.113609682609687
2.307692307692307 6.80451894633148
2.43076923076923 6.605956222676862
2.546153846153846 6.413187759503567
2.6538461538461533 6.13453078858186
2.7846153846153845 5.955518994900156
2.8999999999999995 5.781730945850526
3.015384615384615 5.613014207297656
3.1230769230769226 5.449220793287989
3.2461538461538457 5.212448782692939
3.3692307692307684 5.0603442716518305
3.4769230769230766 4.985964662261981
3.5923076923076915 4.769321416810495
3.7076923076923065 4.630147809098409
3.8153846153846147 4.495035427584105
3.946153846153845 4.363865761592317
4.0 4.299723360729336
