0.7   1.50825160483
0.813793103448   1.61160275043
0.927586206897   1.62249790823
1.04137931034   1.56848964951
1.15517241379   1.43843474432
1.26896551724   1.28342181357
1.38275862069   1.11579162099
1.49655172414   0.972547742014
1.61034482759   0.849380124159
1.72413793103   0.725877375306
1.83793103448   0.63255173336
1.95172413793   0.538719981181
2.06551724138   0.478186136303
2.17931034483   0.414922093996
2.29310344828   0.366642736257
2.40689655172   0.324818099773
2.52068965517   0.289131847807
2.63448275862   0.261429900336
2.74827586207   0.236241931209
2.86206896552   0.212598147904
2.97586206897   0.193212923448
3.08965517241   0.179455257057
3.20344827586   0.161062716456
3.31724137931   0.150819870779
3.43103448276   0.137386081335
3.54482758621   0.128241410238
3.65862068966   0.1187244677
3.7724137931   0.109612414857
3.88620689655   0.101324793569
4.0   0.0970818991729
